1148
829
83
1056
893
1132
983
93
788
242
952
1146
63
1142
1013
66
1232
20
299
558
1074
968
615
1138
106
102
909
733
965
220
766
820
808
529
888
502
509
754
980
125
775
857
295
1206
233
720
1180
139
452
257
411
135
1191
281
589
490
342
445
525
1179
181
92
410
208
338
308
771
1021
368
607
974
185
886
87
354
1204
82
112
440
170
770
933
398
465
546
10
4
951
191
882
1099
1197
288
474
758
874
491
426
739
682
363
616
1127
950
860
944
436
891
487
939
930
832
2
206
70
320
996
1010
998
851
637
837
376
978
1017
442
765
966
596
1006
563
538
854
425
348
215
422
964
23
658
307
315
1094
268
305
958
940
78
1073
188
25
1184
1096
714
619
399
328
140
979
752
393
1175
594
389
648
901
703
265
859
751
346
1196
791
145
551
1181
924
798
818
1218
836
927
1195
784
759
458
810
938
838
1237
85
284
651
942
811
179
38
918
483
194
1210
863
1139
969
580
691
97
994
1051
873
151
1012
130
1118
621
768
1189
895
152
795
1125
1192
869
1101
568
1161
1052
26
1035
928
309
24
470
500
301
68
372
1107
505
122
358
6
1015
767
1212
262
345
1100
1049
711
478
241
1109
1113
1085
109
712
1121
1078
696
540
537
44
189
1198
118
908
352
464
1119
672
894
462
164
728
633
1062
115
1219
214
520
415
902
427
144
1172
486
184
792
104
511
673
1110
953
600
1024
848
489
19
394
190
31
65
809
1032
535
291
674
484
1089
700
1009
957
258
482
569
1042
1211
21
727
1031
704
48
656
640
142
573
664
575
311
864
391
512
653
35
876
94
1160
1075
290
1126
248
392
1061
41
324
1169
697
587
905
769
177
662
898
764
341
1050
327
646
334
643
899
1008
839
1222
652
1208
74
1091
628
544
1162
985
1001
457
655
1083
705
175
992
153
970
318
240
282
1194
310
361
793
610
678
657
724
476
665
187
1238
1227
883
1234
466
721
593
81
715
627
477
1225
910
1236
677
99
982
15
347
222
366
1193
963
723
547
293
1199
1087
856
1122
168
802
1133
235
105
1088
1054
1163
234
870
319
430
790
448
210
740
114
382
283
455
1040
1027
972
975
390
1043
1229
853
1158
12
1190
211
289
1168
731
212
103
160
659
553
1060
745
420
1071
273
259
201
1000
40
625
161
1112
561
685
408
634
821
786
407
872
536
435
988
785
494
178
321
304
488
1151
787
156
1137
199
113
666
323
117
404
1059
250
277
707
475
879
226
1028
783
1023
306
1046
849
1034
126
453
388
532
698
1053
325
981
1129
906
929
789
644
1025
522
96
556
1165
941
72
1041
138
844
1111
43
431
370
516
855
11
230
973
53
227
1221
49
907
885
995
943
217
195
1072
1140
753
1095
1108
286
683
1
706
51
1104
801
605
585
591
397
956
584
459
473
667
69
577
1213
271
626
1065
1150
1209
773
176
949
56
735
900
718
252
649
892
519
1201
1069
364
730
871
1014
757
377
223
207
1128
297
183
437
1145
922
1066
689
148
539
559
472
196
326
400
401
960
875
534
1147
314
237
578
524
344
167
154
1173
275
796
543
738
95
239
146
1235
606
695
623
111
776
1004
238
55
124
572
954
878
76
1058
1037
911
209
1064
173
501
897
945
27
1117
264
749
1076
387
1155
244
620
46
948
467
432
1003
137
36
515
386
298
977
292
523
1174
823
1131
101
671
993
0
5
471
274
380
339
570
688
642
332
959
850
1068
920
639
686
356
1033
699
1038
409
549
423
121
1106
362
1153
360
741
986
1214
294
813
119
588
1178
503
675
630
934
88
574
1026
162
828
647
169
997
1045
514
774
229
444
778
279
611
7
243
805
661
1164
80
562
641
990
450
260
782
1124
438
231
251
439
1019
1116
1220
18
33
604
141
155
236
533
761
249
232
824
710
313
149
528
708
654
881
750
383
272
253
817
946
330
709
760
815
919
976
350
999
418
98
300
1223
468
690
75
554
609
842
830
923
755
517
840
777
246
814
369
335
287
1177
725
498
560
904
797
1226
542
79
22
316
670
100
819
717
197
567
395
1020
1144
890
1231
638
120
50
62
449
676
650
713
1135
1030
17
1086
353
157
303
322
1149
1159
1102
13
1029
419
1230
1141
513
134
461
781
263
1120
1154
684
1048
564
921
221
413
835
343
1002
417
357
280
443
756
204
254
590
385
143
228
1080
624
912
1228
460
612
1171
1166
862
412
748
719
762
8
1005
614
603
541
925
635
403
831
530
416
1203
1036
30
803
579
296
480
1167
110
531
1200
1057
245
373
317
903
371
225
497
359
660
861
595
701
58
645
1152
868
186
737
833
278
61
631
812
916
71
1070
499
608
247
1105
52
1016
64
799
846
931
746
57
269
256
694
914
447
1202
54
396
504
1018
583
136
602
743
402
763
340
716
